      269.3437
     268.11908
     266.21102
     262.78482
     259.02247
     254.61767
     250.22103
     245.08508
     239.02584
      232.8228
     226.92044
     222.02098
     218.70505
      218.0096
     219.78067
     222.93248
     225.96591
     227.74236
     228.63554
     229.33499
     230.17824
     230.78319
     230.96525
     231.17857
     231.74505
     232.41431
     233.02755
     233.37433
     233.47262
     233.46025
     233.43686
     233.50074
     233.73159
     234.13614
     234.69353
     235.38128
     236.13883
     236.89399
     237.58688
     238.17394
     238.70865
     239.32262
      240.0951
     241.08821
     242.35674
     243.94103
     245.83678
     247.94257
     250.13153
     252.32644
      254.5446
     256.83769
     259.24976
     261.79283
     264.41192
     267.00461
     269.40134
     271.62745
     273.80163
     275.97484
     278.17958
      280.5555
     282.76067
     284.63913
     286.44636
     287.07922
     282.69756
     280.71212
     279.02304
     277.15298
     273.43845
     269.15779
     263.07145
     253.07672
     240.30093
     223.67752
     205.31943
     183.04675
     162.28357
     160.56197
