    0.27656014
    0.97546476
     0.4694373
   -0.06651787
   -0.16513749
   -0.31278632
    0.56992779
      1.302447
     1.9498177
     2.5677082
     2.9105484
     2.9703509
     2.7827479
     2.2406074
     1.9204393
     1.8536436
     2.0182193
     2.2427018
     2.4029826
     1.9713687
     1.4307504
    0.94167251
     0.4775205
    0.19820656
  -0.088289892
   -0.50100914
   -0.87962125
    -1.2827971
    -1.6318932
    -2.0756437
    -2.5772851
    -3.1962689
    -3.9170762
    -4.7041898
    -5.5289282
    -6.2862237
    -6.9729078
    -7.5362642
     -8.049891
    -8.5266892
    -8.9945804
     -9.455472
     -9.910596
    -10.323745
    -10.716306
    -11.070717
    -11.372865
    -11.677822
    -12.032192
    -12.471346
    -13.023322
    -13.703022
    -14.452271
    -15.257746
    -16.024512
    -16.741693
    -17.413643
    -18.217375
    -19.226497
     -20.51789
    -21.722345
    -22.322897
    -22.211854
    -22.478147
    -23.523378
    -25.575978
    -26.450671
    -29.795345
     -34.74718
     -36.57569
    -36.460853
    -39.707589
    -39.599284
    -43.587411
    -46.601138
    -52.288005
    -59.337167
    -65.671508
    -57.254438
    -10.961972
