   -0.65203855
    -1.2011712
    -1.1283166
   -0.67862393
    -1.0388164
   -0.58039194
   -0.06367105
    0.11305845
  0.0041159862
   -0.23461483
   -0.74110351
   -0.92268142
   -0.69529212
   -0.54266642
   -0.44192766
   -0.37877627
  -0.071981843
  -0.021145784
   0.069959127
    0.12231402
   0.051353458
    0.24860294
    0.43311176
    0.38463679
    0.39083661
    0.34663555
     0.3564763
    0.45061738
    0.56117597
    0.67188062
    0.79202741
    0.89737306
    0.96435957
     0.9756249
    0.92334773
    0.80064515
    0.70694178
    0.62817818
    0.60256633
    0.65489836
    0.75191327
    0.84619869
    0.94591081
      1.042097
     1.1192733
     1.1294662
     1.0555784
    0.91645139
    0.72418707
    0.46716081
    0.18178557
  -0.069778405
   -0.20636198
   -0.18004376
      0.047666
    0.38854111
    0.78748777
     1.0938002
     1.3869943
     1.6674664
     2.1636955
     2.9500852
     2.6064902
     2.0803068
    0.89247898
     1.0051031
 -0.0049264696
    -1.1167758
    -1.3778338
    -1.9179866
      3.359868
   -0.41484984
   -0.65184263
   -0.88929116
    -2.1059948
     2.9984216
     4.4732957
     11.141676
     12.793205
   -0.64280018
