    997.49927	   8.963429	   -2.14537	   283.7589
    991.49854	   9.004445	   -2.45003	   283.4565
    982.99695	   9.174367	  -2.793722	   283.1076
    971.99561	   8.266164	  -3.537485	   282.4213
    958.49304	   8.813039	  -4.140302	   282.0309
    941.98975	   9.307179	   -4.31811	   281.3236
    922.48578	   9.535695	  -4.353889	    280.442
    900.48254	   9.561086	  -4.349553	   279.6357
    875.97699	   9.631398	  -3.430149	   278.6548
    848.97247	   9.658742	   -3.17753	   277.0724
    819.96735	   10.39702	  -3.024657	   275.7604
    786.95099	   11.98101	   -3.44316	   274.0901
    746.92285	   13.41655	  -3.468096	    271.882
    698.88483	   15.63335	  -2.935753	   269.4069
    642.83325	   17.03374	  -1.814688	   265.3716
    581.80328	   19.33452	 -0.7771064	   260.1892
    519.27246	   22.31499	  -1.202114	   254.4532
    460.30438	   26.60601	 -0.8464953	   248.4245
    412.37866	   31.43413	 -0.7630118	   243.0517
    374.90823	   35.51226	 -0.1211641	   237.9812
    343.42712	   38.48296	 -0.1168273	   232.9973
    316.94592	    40.1978	 -0.1385113	   228.2868
    294.69244	   40.67241	  -0.367278	   224.0276
    275.60632	   40.74077	 -0.1558585	   220.2997
    259.14319	   40.68608	 -0.1883846	   217.0901
    244.86353	    40.1978	 -0.6047183	   214.7444
    232.42278	   39.00054	  -1.167419	   213.3428
    221.54111	   38.35796	 -0.6166444	   212.8596
    211.67212	   37.95171	   1.037848	   212.5029
    202.31268	   36.22905	   2.668488	   213.1205
    193.36322	   34.47319	    2.97098	   214.1044
    184.80875	   33.63726	   3.723417	   215.2789
    176.63927	   32.61577	   4.202634	   216.6261
    168.82971	    32.1978	   4.138666	   217.7589
    161.36017	    32.0103	   4.341412	   218.6517
    154.22562	    32.2564	   4.447664	   219.3204
    147.40602	   32.22515	   5.015786	   219.2724
    140.88643	   32.45952	    5.15348	   219.2693
    134.65681	   32.54937	   5.994821	    218.994
    128.70216	   32.14898	   6.793878	   218.4612
    123.01252	   30.05327	   5.925431	   217.8708
    117.57284	   27.17437	   4.448748	   217.5605
    112.37316	   27.57085	   3.787385	   217.2484
    107.40345	   27.70171	   3.822079	   216.6245
    102.65376	    27.9439	   3.813406	   215.8564
    98.114021	   28.08452	   5.020123	   215.4373
    93.773788	    26.8814	   5.953621	   214.9845
    89.626541	   24.56694	   5.046144	   214.7876
    85.662788	   23.90679	   3.558618	   214.2628
    81.874519	   22.43023	   3.329851	   214.0405
    78.253738	   21.90288	   4.089877	   213.5349
    74.792946	   23.24468	   4.950734	   213.5061
    71.485146	   22.59624	    4.73823	   213.4693
    68.323845	   19.00835	   4.471516	   213.7301
    65.302528	   17.10405	   3.952183	   213.9444
    62.414703	   16.76812	   4.273108	   213.8452
    59.654369	   17.05132	   2.796424	   213.5125
    57.016529	   17.50835	   3.765701	   213.0309
    54.495182	   16.20171	   3.583555	   213.1461
    52.085331	   15.38726	   3.175895	   213.1364
    49.781971	   15.39507	   3.973867	   213.1749
    47.580105	   15.70171	   3.899058	   213.3188
    45.476234	   14.94976	   3.566207	   213.3909
    43.465351	   14.34038	   3.117348	   213.5412
    41.542969	   13.65484	   2.523205	   213.4052
    39.705582	   13.82671	   1.729569	   213.4756
    37.949692	   14.27007	   1.525739	   213.5029
    36.271793	   14.63921	   1.514897	   213.5285
    34.667889	   15.00445	   1.287215	   213.7173
    33.134483	   15.68804	   1.913883	   213.9397
    31.669073	   16.60601	   1.500802	   214.3748
    30.268658	   17.03374	  0.6475353	   214.8645
    28.930241	   18.34429	 -0.7261489	   215.3253
    27.650816	   19.34038	   -1.18043	   215.9093
    26.427891	   20.16655	  -1.161998	   216.2932
    25.259462	   20.71929	  -1.682415	    216.666
     24.14253	   21.67046	  -2.284148	   217.0773
    23.074594	   23.18608	  -2.619166	   217.4436
    22.054159	   24.62749	  -3.388949	   218.0356
    21.078714	   26.08843	  -4.295342	   218.4357
    20.146273	   28.15874	  -4.686739	   218.8981
    19.255327	   29.50249	  -5.035852	    219.522
    18.403881	   31.39898	  -4.424363	   220.2596
    17.590431	   33.80327	  -3.732641	   221.2516
    16.812475	   34.61382	  -3.725052	   221.7941
    16.068521	   34.92827	   -3.29354	   222.3013
    15.358067	   36.54937	  -4.295342	   223.3573
    14.679106	   37.08257	  -5.533501	   223.8372
    14.029645	   38.44976	  -6.734797	     224.33
    13.409185	   39.89116	  -7.989219	   224.6613
    12.816218	   41.45171	  -8.901033	   224.9124
    12.249254	   43.74663	  -9.072337	   225.3492
    11.707788	    44.4146	  -9.985235	   225.4324
    11.190319	   45.20952	  -11.02173	   225.6693
    10.695348	   46.92241	   -11.3806	   226.2421
    10.222279	    48.3853	  -13.10774	    226.754
    9.7702551	   51.23491	  -13.08497	   227.2677
    9.3381815	   52.56499	  -11.83705	   227.5141
    8.9252062	   54.01812	  -11.21038	   227.8116
    8.5304804	   55.15679	  -10.61949	   228.4404
    8.1532536	   55.59233	  -9.610102	   228.8996
    7.7927256	   55.50054	  -9.582996	   229.8996
    7.4480968	   54.74858	  -8.750329	   230.5797
    7.1187167	   54.79155	  -8.040176	   231.5556
     6.803936	   55.35991	   -7.51976	   232.0405
    6.5030541	    54.9146	  -6.496273	   232.7077
    6.2154717	   55.70366	  -5.987782	   233.4933
    5.9405885	   55.81499	  -6.354242	   234.1189
    5.6778545	   56.80132	   -7.49916	   234.7189
    5.4267697	   56.69194	  -10.18148	   235.8468
    5.1867843	   56.02983	  -11.79911	   236.9077
    4.9573984	   55.83452	   -13.5154	   237.4612
    4.7381616	   55.87749	  -13.82548	    238.274
    4.5286241	   56.75444	  -13.93824	   239.6564
    4.3283362	   57.84038	  -15.17856	   240.7061
    4.1369486	   59.10015	  -16.44816	   241.1044
    3.9540093	    60.0396	  -16.37986	   241.0869
      3.77912	   60.61382	  -16.00581	   241.3172
    3.6120303	   61.22905	  -13.36903	   241.0965
    3.4522898	   62.27788	  -12.47131	   241.1732
    3.2995994	   61.96148	  -11.70912	   241.4724
    3.1537082	   62.02983	   -12.0398	   241.7764
    3.0142164	   62.68804	   -12.7326	   242.8676
    2.8809249	   63.79351	  -13.88836	   242.8996
    2.7535322	   64.43609	  -14.92378	    243.274
    2.6317399	    66.5357	  -14.01413	   244.1333
    2.5153468	   68.64898	   -13.7008	   245.3988
    2.4041038	   69.56304	  -13.77019	   246.4164
    2.2978103	   71.39507	  -14.87716	   246.6485
    2.1962163	   72.79742	  -14.98449	   247.4612
     2.099072	   75.00054	  -13.85801	   248.7141
     2.006228	   76.95757	  -11.42506	   249.7477
    1.9175333	   78.92632	   -10.0221	   250.1844
    1.8327384	   80.90679	  -9.680574	    250.946
    1.7516935	   82.29546	  -9.497344	   251.6501
    1.6742481	   83.60796	  -11.63105	   253.4532
    1.6002026	    84.5357	  -14.67224	   254.6788
    1.5294068	   85.71929	  -17.18109	   257.1748
     1.461761	   87.26031	   -17.8598	   258.7285
     1.397115	   88.45367	  -18.99496	    259.554
    1.3353187	   89.36968	  -20.97905	   260.8549
    1.2762724	   90.80718	  -23.11601	   262.4293
    1.2198256	    92.7271	  -26.03793	   264.9844
    1.1658791	   95.10406	  -26.98444	   266.4709
    1.1143322	   96.41851	  -27.48751	   266.9445
    1.0650351	   96.98101	  -28.90456	    267.226
    1.0179431	   96.56109	  -28.08924	   267.3044
   0.97294575	   97.46539	  -27.43222	   267.0485
   0.92991841	   98.61773	  -27.27176	   266.6757
   0.88879585	   99.27007	  -27.23055	   265.6229
   0.84948826	   99.56499	  -27.46474	   264.2788
   0.81192058	   100.1705	  -26.95734	   263.3141
   0.77601779	   100.5845	   -27.3238	   262.1332
   0.74169981	   100.6744	  -27.05166	   260.3061
   0.70889688	   101.1236	  -26.25044	   258.4388
   0.67754877	   101.4478	  -25.36464	   256.5109
   0.64758557	   101.0357	  -25.30067	   254.8197
   0.61894733	   100.8111	    -24.983	   253.2836
   0.59157395	   101.1373	  -24.79435	   251.6965
   0.56541061	   101.7076	  -23.91832	   250.2805
   0.54040712	    102.147	  -23.99855	   248.9397
   0.51650858	   102.9361	  -23.49439	   248.1924
   0.49366996	    104.024	  -23.91615	   247.9908
   0.47184128	   105.5084	  -22.56957	    247.834
   0.45097253	   107.2779	  -22.27467	   248.2421
   0.43102878	   107.7349	   -20.3166	   248.6933
    0.4119699	   107.6275	  -19.57717	   248.2469
   0.39375103	   107.7232	  -17.94328	    248.162
   0.37633711	    107.688	  -16.66175	    248.026
   0.35969311	   107.2701	   -16.4731	   247.8788
   0.34378406	    107.815	  -17.26782	   247.8053
   0.32857999	   109.6314	  -18.14819	   247.1396
   0.31405088	   110.6627	  -18.75751	   245.9989
   0.30016172	   112.5005	  -19.89376	   244.7749
   0.28688756	   114.3912	  -20.66138	    243.586
    0.2742033	   116.2818	  -21.61547	   242.4884
   0.26207906	   117.6978	  -22.20419	   241.6644
   0.25048974	   119.2779	  -22.36466	   240.8468
   0.23941042	   120.8951	   -21.9776	     239.89
   0.22882107	   123.1041	  -22.08818	   239.0869
   0.21870169	   125.2798	  -22.65522	   238.1525
   0.20903228	   127.4361	  -24.24792	   237.0948
   0.19978783	   129.7447	  -25.76471	   235.9716
   0.19095339	    131.274	  -27.13515	   234.6996
   0.18250887	   132.9263	  -28.38306	   233.2868
   0.17443438	    133.104	  -28.66821	    231.746
   0.16671985	   132.0044	  -29.41956	   230.4516
   0.15935032	   130.3423	  -29.27102	   229.4229
   0.15230572	   128.9302	   -28.9295	   228.3477
   0.14556612	   127.1783	  -28.37764	   227.4644
   0.13912654	   124.5923	  -28.23453	     226.69
   0.13297692	   121.9654	   -27.2826	   225.6149
   0.12709726	   119.8658	  -26.67978	   224.5957
   0.12147762	   117.7349	  -26.25477	   223.3828
   0.11610793	   115.5943	  -25.92843	   222.2708
   0.11097324	   113.0259	  -25.27032	   221.3589
   0.10606353	   110.9107	  -25.15973	   221.2708
   0.10137133	   108.8541	  -25.27249	   221.7365
  0.096888103	   107.6334	  -26.98661	   222.7397
  0.092603363	   108.1568	  -28.44811	   224.7605
  0.088508114	   109.3716	  -30.34438	    227.826
  0.084594354	   112.1861	  -30.83553	   231.1573
  0.080853574	   115.3638	  -29.96166	   234.5925
  0.077277794	   117.2544	  -28.83951	   236.8405
  0.073860504	   118.2388	  -26.74809	   238.6181
  0.070594199	   117.8209	   -23.9812	   239.7253
  0.067471892	   117.8033	   -20.5226	   239.9476
  0.064488076	   116.8033	  -16.75282	   240.2085
  0.061636247	   115.1861	  -12.59383	   240.4917
  0.058910415	   113.2505	  -8.561678	    240.362
  0.056305572	   110.1373	  -4.931769	   240.2421
  0.053815722	    107.563	  -1.365828	    239.866
  0.051435869	   103.4634	    1.66777	   239.0724
  0.049161006	   100.9244	   5.236963	   238.2229
  0.046986639	   98.03765	   7.985415	   236.9604
  0.044908769	   95.78765	   9.959747	   235.7477
  0.042922888	   93.23492	   11.90372	   234.3013
  0.041025005	   91.77593	   14.78662	   232.8757
   0.03921061	    88.5689	   16.67963	   231.3268
  0.037476219	   84.65093	   18.06958	   229.8085
  0.035818819	   80.89312	   19.38688	   228.3076
  0.034234915	    76.9732	   20.35399	   226.9604
  0.032721005	   72.62945	   21.90115	   225.7381
  0.031274099	   68.82085	   22.65684	   224.4789
   0.02989118	   64.88726	    23.6001	   223.1749
  0.028569261	   61.15679	   22.72297	   221.8036
  0.027305838	   56.97905	   22.48987	   220.3284
  0.026098413	   53.36382	   21.31243	   218.7572
  0.024944482	    49.1314	   21.10318	   217.1364
  0.023841046	   45.84233	   20.74864	   215.4196
  0.022786614	   43.17632	   20.68684	   213.7829
  0.021779174	   39.72319	   20.29545	   212.1492
  0.020815732	    37.0103	    19.3793	   210.4933
  0.019895291	   34.41265	   18.48483	   208.8517
  0.019015841	   32.76421	    16.8401	   207.3221
  0.018174892	    31.0728	   16.12886	   205.8965
  0.017370941	   28.95562	   15.33305	   204.5141
  0.016602488	   27.53179	   15.10862	   203.1044
  0.015868535	   26.17632	   14.34751	   201.7236
  0.015167076	   24.81304	   14.11658	   200.3268
  0.014496116	   23.64898	   13.04972	   198.9108
  0.013854655	   23.11187	   12.78409	   197.4884
  0.013242196	   23.02398	   12.28102	   196.0948
  0.012656728	   22.65874	   12.00672	   194.7365
  0.012096764	   22.39702	   12.32331	   193.3925
  0.011561796	   21.72124	   12.55099	   191.9893
  0.011050327	   21.40288	   13.58315	   190.6837
  0.010561859	   21.15288	   14.25644	   189.3636
  0.010094934	   21.59624	   15.27776	   188.0117
 0.0096269408	    21.2564	   16.20584	   186.6965
 0.0091373855	   20.47905	   17.99152	   185.5045
 0.0086276196	   20.19976	   19.84333	   184.2516
 0.0080997441	    18.2896	   22.74249	   182.9828
 0.0075563574	   15.98491	   25.91812	   181.6837
 0.0070006629	   12.83257	   30.58344	   180.2309
 0.0027891302	   7.684132	   39.80241	     180.45
